INDEX LOCORUM· 261

11111, (Eyeh, 11111111, 111111) 111111, 11-
111111111, 50, 67, 216.

1111111131, (21111111112111111111) (111-
11 ibi (11,) 11, 41, 11, 51, 142, 111,
102, 170, 103, 209.

- (1111111 apud, 2, 67.

- tostum apud, 5, 11, 67.

1111111111, tetrade, 181 3 ο. 11111111

2111, 1111111111, 171.

Eryn, 1111111, 103.

Estirgurdy, 11111111, 101, 2233 1011111.

2111111111111 de, 07.

1111111111, (111-11 111 11,) 113.

2110111111, (2111111111) 1111111111 de,
36, 73.

21111111, 11111111, 224.

211111111111, (carta 111 dom) 20.

21131111, (2118111) (111. Perth,) 11111 de,
· Ilny, (Ylay,) 111 hanonie 11111 111 1111111

1, 5, 14, 67, 111.
-- (iver, 231.
1οι11,(11111111111,) 11, 11, 1111111.
211111111111111111111, 6, 11, 67, 95.
- in Gouerin, 11111 de, 7, 15, 21, 11.
Forgundevyni, 1111111111, 175.

2111111111, 1111111111 111, 11.
21111, 1 211111) apud Stn'uelyn, 1111 (11, 6,

11, 14.

Fotheros, (1611111111) 1111111, 2, 5, 13, 53,

07.

Foyernys, (111.Ι Ρ1111,) tetrade, 101.
2111111111,(211111111,)1111111,101,223,227.

0111111111,((1111111111111,)11111111,101,233.
Gorny super 111111 111 Toy, 11111111 111, 72.
0111111110, tem 111, 109.

Glauca, (11111111 (1111,) 103.

(11111111111111 111, 03, 01.

Gowry, (011111) 11111111111111111, 39.

—- 1111111111 111, 131.

0111111, (11111111, (11111113111111111 (11,
6, 3, 14, 25, 35.

Gourdy, (Gurdy, Gurdoi2,) 21111, 11111 de,
1111111111.

— Westir, 181, 228.

-- Midili, 223.

(11111111, (11111111) 11111111, 2, 5, 11, 07.

Η111ο11 (11 1111111111, tem 111, 202.

Hossiilicluys 111111 Schynehyil, (vie. 21111)
11111111, 101.

Heyth, 11111111 (11, 07.

Η111, territorium 111 magna, 100.

of, 215, 213.

- 11111111111111111111111111,215219.

1111111111, villu (11, 02.

111111111, 11111111 (11, 57, 00, 37.

- (1111111111) 17.

111111111111111111, 109, 190.

1111111111 in Thy 21111, territorium de, 30,

11111111, (11111111111111111, 1111111111)
5, 67, 13, 101, 220, 231, 232.

- Waulkmill 11, 220.

1111111111, (1111131111, 1111111111)
1111111111, 12, 23,31, 32, 31, 35, 67, 01.
111, 111, 111.

- 111-11111, 2, 5, 11, 67, 101.

- 2111111, 227, 223, 231.

111111111111, (1111111111) 1111111 111112,
5, 14, 11.

 

