260 INDEX LOCORUM.

11123, 112 baronio under the, 215, 219.

1122122612, 226, 226, 203.

1111312211, 12262 21, 223, 225.

1211213221, (62112132221211313222) 12112
de, 12, 22, 22, 22.

- 11112 62, 19, 20.

0221221222211, (0222122221, 0212122132-
11211,) (22112111 6212) 102.

-- monasterium de, 121, 211. “
0221222121211,(02213221321211,) 22212212 62,
ηηηηηηωωωω
-1211111, 2, 11, 21, 2112112,

181

022123,1211262, 36, 37.

(111111, (2211111111 (1121,) 22, 22.

021222, (1121222) 1111111111, 49, 90, 91.

0212332211, (112. Ρ2111,) 1211262, 206.

022121132361, (1211211213. 62 Parth) 203.

0121222222, (221121 11162112) 20, 103.

—- 11112 62, 47, 59, 109.

01212, (01222, 01222, 111222, 0122, 01222)
1211111, 2, 2, 14, 12, 121, 222, 222, 222,
231,233.

012222121, 1211262, 40.

0123212111, (0211111121) 1211262, 191.

- Ν21121, 224.

01223, (01223, 0122223, 012221, 01112111)
(221112 11162122) 19, 101, 102.

-121221262, 112, 113.

- 2121221121, 216.

02122 111121121; 2162 Ν21111221211.

-- superior, 12112 62, 191, 209.

0211222, 1211262, (112. Ρε111,) 206.

0123, (011312, 111231) capella 62, 31, 32, 35,
37,67,81,153,154.
- 121111211211162, 17.

012322121222,(012132121(21222,01213122121·
222,) 1211262, 191, 226, 227, 234.

0123212112,1211262, 191.

omnin, (21111111.) 2ω11,22, 22, 121.

02121312, (0123212123 1211262, 191, 223.

01221221, 1111112262, 107.

02321, (0211211, capro, Gubre,) 2221221112
40, 22, 12, 22, 211.

- 2122211212 62, 6, 14, 67, 95.

0211611126 21 0121322121222226, 227, 234.

11213221, (1121322, 1)2132,) 12112 62, 12, 23,
161, 263.

Demptum 2121, 231.

1122212111, (1122221312) (vic. 1121122) 12112
62 12, 181.

- 82116612 21211 21, 224.

- 0221221312 21, 220.

1111112131, (112. 1121122) 1211262, 161.

111221323 juxta 1122122 (12 Tay, 107.

1121121132, (1121121121, 1121121112, 1121122112)
12112 62, 2, 5, 13, 67.

1121, 1122231221 62, 41.

1121222321,(111111222321,)112223122162, 36,
73.

11226211, 21112 21, 211, 224, 226, 231.

112262, (2211(2111162112,) 100, 116, 193.

111121212213, (0221212132112212122111, 1121-
12121213,) 22312112 62, 21, 36, 7 3.

1122121622212 22212212, 65, 74.

1122121632, (22112111 6212,) 146. ,

- 11112 62, 47, 59, 65, 74.

112163 123112, (112. 121111) 1211262, 191, 225.

-- 1121121, 21122 1111163 123112, 225, 231.

- 8221, 12112 62, 191.

1122121221123,(111122121212112,)2111123 21, 217.

-(ω1(11111112,)12, 22, 22, 22, 121.

 

