264

Sancti Kentegerni 66 6666661666, aedesio,
33.

-— Μ616661, 6666116, 186, 261.

66666661666116 61611, 231.

Smer Katherines 1666, 230.

saint Nininne, 6611661161, 216.

6666611111, 230, 231, 232.

Scheynehyll, 1611616, (vic. Parth) 181.

Sehippirdland, 226, 230.

scon, (666116, 66616116, 66666, 666611) 66- ’
616166, 22, 25, 218.

-- baronia 66, 164, 216. ’

-- capella 66, 67.

-- (661116 161 66166) 4, 41, 43, 46, 55, 75,
92, 94, 96, 99, 101, 111, 112, 115, 163,
166, 167.

—- conventus 66, 33, 36, 37.

- 66616616 66, 7, 14, 26, 27, 28, 31, 32,
34, 35, 39, 41, 43, 52, 81, 101, 153,154,
216, 217, 220.

-166616 66, terra que vocatur, 39, 67,
161. ’

—- manerium 66, 6, 14, 95.

-—· 66166616 66, 6, 14, 20, 33.

’ -- 6166611666, 30.

- 1661611 61 1116 6666616 61, 215.

—- 161111611611166, 17, 45.

-- 111666ςὶ616 66, 41, 65, 67, 68, 111, 128.
- tostum in, 11, 46, 66, 61.

--· (11166647, 69, 67, 216, 217.

INDEX LOOORUM.

6661111611 croft, 230.

6111π611666,(6111611666, Schmun.) tem
de, 181, 226, 230.

611616164611, 225, 233.

6666166116, 1416161, 224.

61611 166116, 6166611466, 54.

6161111611, (6161666111,)66616614 66 116111361-
tunm in, 64. V. Rodgorton.

6661661661, (6116661661)11116611661 66, 6,
14, 61, 66.

66616616, (66116161 6116) 66.

61666116, 6, 5, 14, er.

— (6161 ibi 66,) 6, 6, 6, 16, ιι, 11,
11, 36, 36.

Toy, (1661, Thy, Toy,) 6666 66, 2, 5, 10,
11, 14, 17, 33, 37, 36, 46, 51, 67.

Τί161661,(1166111616, 1666611616) 66616616
66, 61.

-- tem de, 18, 48, 60.

1161166616, (1166661166) (arto 161 dnm)
46, 44.

’11161116 croft, 230.

1661666116, tem 66, (ric. Ρ61111,) 206.

werram, 161116 66 ,4666661611 que (66611161
6616, 124.

Wentirgurdy, 16111 66, 161, 6. Gurdy.

romum : 1114111111) 111 T· mmm,
11111116 10 lm wlfr.

 

