000 ’ 1110011 NOMINUM.

'⁸ Alanus, 110101 (10111111 11016011, (burgensis
10 Ρο116,) 52, 126.
-- 61100110100110000106110111800110, 49.
-- 611110 80001, 81.
--(110011011110,) 41, 46.
- 10 00010, 62.
61000000, 1 ohannes, (11001100 10 Κο160100,)
206
- Thomas, 198, 201.
6160010, 6111110000 1011, 168.
61601100 presbyter 0011. Tit„ Sancti 1101110001]
10 Lucina, 16.
-(010060101,) 16.
—- 10 1111010, 62.
6160 11000000 0011800011 11ἰο60101, 16.
6110000, (000110) 27.
61100160, rector 106011000 0011016010, 202,
203.
61110110, (piston) 27.
6100000, 10001, (00000 01 (1116011 11011000)
227; (00011101 Το0000166010100160,)229.
- 1101011101, (00000 01 1106011 61100)
230.
-- 1011111, (10 61010000) 282.
- 1106011, 232.
- Thomas, 232.
-— William, 230.
6100011101, 06600 10 30010100100, 127.
—— 0111601100 ecclesie 0010000υο, 16.
-- (0000110000) 27, 36, 32, 33.
- episcopus 661110000οἱ0, 111.
—- 110101 0001010111 Sentio, 162.
-000001000 Alexandri, 2.
-- 1., Rex Scotorum, l, 3, 131 (11.,) 38,
69, 40, 41, 42, 43. (111.) 72.
-(0000,10111110,) 13, 16.
-— 1100000100 10 8111110110, 26, 28, 39.
6111. 0660010811100110, 7.

61111000, (01000100) 3.

6110101,1111100101 filius, 8.

6111061110, 61.

60101000,10600000,(001011110006110110,) 198.

-— 1101601010(ομιο 01 Alexander 110110·
100, 01 8000100110) 224.

— 1011111, 227.

- 1106011, (10 6110100000) 227.

1101100010 10116, 18.

- 0010000υο 10 (1010110111, 7, 17, 22-25, 19,
20, 27, 33.

-— 111100 81010010, 29, 54.

-- rector 00010010 10 100601601, 58, 88.

601100, 1110011110 filiun, (burgensis 1010116)
52, 126.

600000, D. 1000110010, 53.

-- 1111106111, 001000 10, 8, 13.

61060601100, (6110060110, 6111060111ιο,
111060οω1110) 06600 10 6001010060, 25,
27, 33.

- 001000 10 11000100 01 10101000 (101-
01110, 147.

-11110080001 10 1010111010, 21.

6100101,.1011001100, (01011000) 82.

61001100, 61.

-0660010 (10001, 22, 62.

611000, (6010) 6100110 10, 122.

-— 10600000, (archidiaconus (11000υο0010)
183.

6160110, 1100110110 00100010, 18, 36, 63, 64.
61110110, 1101001000 001000, 21 ; v. 11160011
600, 1060000010, 81.

6000001611, (1611011000 1011010 601100 10,

123.
-- willelmus de, 124.

11011110, Ηο011000, (0000101100) 45, 46.

 

